,Col 1,Col 2,Col 3,Col 4
Row 1,8,7,8,5
Row 2,2,10,6,5
Row 3,2,3,3,7
Row 4,3,7,7,1
