,Col 1,Col 2,Col 3,Col 4
Row 1,7,9,3,10
Row 2,4,1,7,2
Row 3,8,9,9,10
Row 4,4,5,9,7
