,Col 1,Col 2,Col 3,Col 4,Col 5,Col 6
Row 1,Z,Q,T,A,Z,L
Row 2,S,S,V,V,Y,J
Row 3,U,X,U,T,X,V
Row 4,U,G,X,X,O,S
Row 5,X,V,T,D,S,B
Row 6,F,Q,V,O,T,R
