,Col 1,Col 2,Col 3,Col 4,Col 5,Col 6
Row 1,Z,M,T,C,F,Q
Row 2,T,C,F,U,P,A
Row 3,S,J,C,H,B,R
Row 4,J,U,F,O,S,M
Row 5,R,M,H,Y,X,J
Row 6,K,R,S,V,T,P
