,Col 1,Col 2,Col 3,Col 4
Row 1,5,3,4,7
Row 2,8,10,4,10
Row 3,10,1,3,9
Row 4,5,10,5,1
