	Col 1	Col 2	Col 3	Col 4	Col 5	Col 6	Col 7	Col 8
Row 1	E	O	C	H	X	S	X	Z
Row 2	S	Y	I	Z	X	R	F	T
Row 3	P	V	E	Y	V	Z	Z	X
Row 4	F	C	N	V	W	A	X	S
Row 5	G	Z	A	B	G	M	B	G
Row 6	R	L	J	E	P	F	D	V
Row 7	S	K	H	O	H	Y	Y	Y
Row 8	K	F	Y	V	K	M	C	K
