,Col 1,Col 2,Col 3,Col 4,Col 5,Col 6,Col 7,Col 8,Col 9,Col 10
Row 1,W,O,P,N,Y,I,N,U,Y,K
Row 2,C,G,N,U,Y,W,J,G,U,E
Row 3,B,H,H,E,O,J,C,B,G,S
Row 4,S,G,V,C,T,Q,Q,G,F,K
Row 5,I,C,W,G,Y,X,G,B,Q,D
Row 6,L,Y,Y,N,B,N,K,T,V,F
Row 7,P,W,I,K,B,I,Z,N,J,D
Row 8,L,W,Q,A,K,H,G,A,V,H
Row 9,G,H,A,T,C,J,P,F,C,I
Row 10,E,V,I,B,E,D,C,L,H,D
