	Col 1	Col 2	Col 3	Col 4	Col 5	Col 6	Col 7	Col 8
Row 1	V	M	P	V	N	H	K	F
Row 2	H	H	M	M	P	U	K	I
Row 3	D	M	G	V	W	V	T	B
Row 4	H	Y	V	W	G	F	C	V
Row 5	F	E	B	W	G	V	B	V
Row 6	X	Q	M	O	I	W	G	E
Row 7	E	M	V	S	W	S	R	I
Row 8	G	Y	X	P	E	C	U	S
