,Col 1,Col 2,Col 3,Col 4,Col 5,Col 6,Col 7,Col 8
Row 1,G,S,P,A,V,Z,I,D
Row 2,R,C,C,D,G,I,H,I
Row 3,Q,B,O,Z,M,H,K,J
Row 4,B,H,T,Y,H,G,Y,F
Row 5,F,D,J,L,Q,X,K,T
Row 6,B,G,G,I,A,S,X,V
Row 7,A,B,V,D,J,U,I,T
Row 8,G,V,G,N,U,M,K,K
