,Col 1,Col 2,Col 3,Col 4,Col 5,Col 6,Col 7,Col 8,Col 9,Col 10
Row 1,T,I,Z,E,R,P,K,P,V,P
Row 2,E,D,G,J,I,V,A,C,H,G
Row 3,T,L,P,V,C,T,U,K,R,P
Row 4,H,L,W,E,U,J,D,Y,A,N
Row 5,E,S,T,J,Y,C,W,T,F,Y
Row 6,B,L,F,Q,U,J,M,N,M,J
Row 7,G,W,E,Z,D,J,X,O,B,K
Row 8,Z,V,Y,Y,C,D,K,S,Q,H
Row 9,V,Z,Y,D,O,W,P,X,I,Z
Row 10,G,S,S,Z,P,C,F,R,F,Z
